$MeshFormat
2.2 0 8
$EndMeshFormat
$Nodes
289
1 0 0 0
2 1 0 0
3 1 1 0
4 0 1 0
5 0.06249999999987061 1 0
6 0.1249999999997738 1 0
7 0.1874999999995911 1 0
8 0.2499999999994083 1 0
9 0.3124999999992242 1 0
10 0.37499999999904 1 0
11 0.4374999999988559 1 0
12 0.4999999999986718 1 0
13 0.5624999999988378 1 0
14 0.6249999999990038 1 0
15 0.6874999999991699 1 0
16 0.7499999999993359 1 0
17 0.812499999999502 1 0
18 0.8749999999996679 1 0
19 0.937499999999834 1 0
20 1 0.937500000000032 0
21 1 0.8750000000000254 0
22 1 0.8125000000002577 0
23 1 0.7500000000004128 0
24 1 0.6875000000007041 0
25 1 0.6250000000009509 0
26 1 0.5625000000010975 0
27 1 0.5000000000013305 0
28 1 0.4375000000011642 0
29 1 0.3750000000009979 0
30 1 0.3125000000008316 0
31 1 0.2500000000006652 0
32 1 0.1875000000004989 0
33 1 0.1250000000003326 0
34 1 0.06250000000016631 0
35 0.937500000000032 0 0
36 0.8750000000000254 0 0
37 0.8125000000002577 0 0
38 0.7500000000004128 0 0
39 0.6875000000007041 0 0
40 0.6250000000009509 0 0
41 0.5625000000010975 0 0
42 0.5000000000013305 0 0
43 0.4375000000011642 0 0
44 0.3750000000009979 0 0
45 0.3125000000008316 0 0
46 0.2500000000006652 0 0
47 0.1875000000004989 0 0
48 0.1250000000003326 0 0
49 0.06250000000016631 0 0
50 0 0.06249999999987061 0
51 0 0.1249999999997738 0
52 0 0.1874999999995911 0
53 0 0.2499999999994083 0
54 0 0.3124999999992242 0
55 0 0.37499999999904 0
56 0 0.4374999999988559 0
57 0 0.4999999999986718 0
58 0 0.5624999999988378 0
59 0 0.6249999999990038 0
60 0 0.6874999999991699 0
61 0 0.7499999999993359 0
62 0 0.812499999999502 0
63 0 0.8749999999996679 0
64 0 0.937499999999834 0
65 0.500000025582423 0.4999999771464961 0
66 0.2500000209084763 0.4999999797380664 0
67 0.5000000211481113 0.249999980859992 0
68 0.5000000243500115 0.7499999787095606 0
69 0.2500000159708589 0.2499999832407752 0
70 0.7500000147634557 0.7499999882185586 0
71 0.7500000131143002 0.2499999888239107 0
72 0.7500000229323516 0.499999981567898 0
73 0.250000018201949 0.7499999824026132 0
74 0.6250000195567336 0.7499999834640596 0
75 0.5000000121743416 0.8749999893547803 0
76 0.7500000073813957 0.8749999941092793 0
77 0.6250000097778686 0.8749999917320298 0
78 0.1250000104542381 0.4999999898683691 0
79 0.1250000091009745 0.7499999912009745 0
80 0.2500000195552127 0.6249999810703398 0
81 0.1250000097776063 0.6249999905346718 0
82 0.7500000188479037 0.6249999848932284 0
83 0.6250000242573872 0.4999999793571971 0
84 0.5000000249662172 0.6249999779280283 0
85 0.6250000219070604 0.6249999814106283 0
86 0.2500000091006787 0.8749999912013067 0
87 0.1250000045503742 0.8749999956004872 0
88 0.3750000232454496 0.4999999784422813 0
89 0.3750000212759802 0.7499999805560869 0
90 0.3750000222607149 0.6249999794991841 0
91 0.7500000065573564 0.1249999944119553 0
92 0.8750000065571502 0.249999994412288 0
93 0.8750000032785878 0.124999997206144 0
94 0.2500000184396676 0.3749999814894208 0
95 0.1250000079854294 0.2499999916200918 0
96 0.1250000092198338 0.3749999907442304 0
97 0.3750000106375102 0.8749999902780434 0
98 0.5000000233652671 0.374999979003244 0
99 0.3750000185594851 0.2499999820503836 0
100 0.3750000209024673 0.3749999802463324 0
101 0.2500000079857621 0.1249999916203876 0
102 0.125000003992881 0.1249999958100807 0
103 0.8750000073817279 0.7499999941094857 0
104 0.8750000036906977 0.8749999970546524 0
105 0.5000000105747209 0.124999990429996 0
106 0.6250000171312058 0.2499999848419513 0
107 0.6250000085660783 0.1249999924209757 0
108 0.8750000114661758 0.4999999907846143 0
109 0.8750000094239518 0.6249999924470897 0
110 0.3750000092802415 0.1249999910251918 0
111 0.7500000180233259 0.3749999851959044 0
112 0.875000009011663 0.3749999925984512 0
113 0.6250000206942965 0.3749999820995742 0
114 0.6875000171600947 0.7499999858413091 0
115 0.6250000146673012 0.8124999875980448 0
116 0.6875000085796321 0.8749999929206546 0
117 0.7500000110724256 0.812499991163919 0
118 0.6875000128698634 0.8124999893809819 0
119 0.5625000219533725 0.7499999810868101 0
120 0.5000000182621765 0.8124999840321705 0
121 0.5625000109761051 0.874999990543405 0
122 0.5625000164647389 0.8124999858151076 0
123 0.5000000060865067 0.9374999946773901 0
124 0.6250000048884362 0.9374999958660148 0
125 0.5625000054874715 0.9374999952717025 0
126 0.7500000036903658 0.9374999970546396 0
127 0.6875000042894009 0.9374999964603272 0
128 0.1875000156813572 0.4999999848032178 0
129 0.1250000101159222 0.5624999902015204 0
130 0.1875000146664095 0.6249999858025058 0
131 0.2500000202318445 0.5624999804042031 0
132 0.1875000151738834 0.5624999853028617 0
133 0.06250000522711907 0.4999999949335204 0
134 0.06250000488880317 0.6249999952668378 0
135 0.06250000505796112 0.5624999951001791 0
136 0.06250000455048725 0.7499999956001552 0
137 0.1250000094392904 0.6874999908678232 0
138 0.0625000047196452 0.6874999954334966 0
139 0.1875000136514617 0.7499999868017939 0
140 0.2500000188785808 0.6874999817364765 0
141 0.1875000141589356 0.6874999863021499 0
142 0.7500000168056797 0.6874999865558935 0
143 0.687500020377482 0.6249999831519284 0
144 0.625000020731897 0.687499982437344 0
145 0.6875000187687883 0.6874999844966188 0
146 0.7500000208901276 0.5624999832305633 0
147 0.6875000235948694 0.4999999804625476 0
148 0.6250000230822238 0.5624999803839127 0
149 0.6875000219861757 0.562499981807238 0
150 0.562500024919905 0.4999999782518466 0
151 0.5000000252743201 0.5624999775372622 0
152 0.5625000234366389 0.6249999796693283 0
153 0.5625000241782719 0.5624999789605875 0
154 0.5000000246581143 0.6874999783187945 0
155 0.5625000226950057 0.6874999803780693 0
156 0.125000002275074 0.9374999978002436 0
157 0.06250000227518709 0.8749999978000775 0
158 0.06250000113752885 0.9374999989000388 0
159 0.2500000045500435 0.9374999956006533 0
160 0.1875000068255264 0.874999993400897 0
161 0.1875000034125587 0.9374999967004485 0
162 0.2500000136513139 0.81249998680196 0
163 0.1250000068256744 0.8124999934007309 0
164 0.1875000102384941 0.8124999901013454 0
165 0.06250000341283718 0.8124999967001165 0
166 0.4375000244139363 0.4999999777943887 0
167 0.3750000227530823 0.5624999789707327 0
168 0.4375000236134661 0.6249999787136062 0
169 0.4375000240137012 0.5624999782539974 0
170 0.3125000220769629 0.4999999790901739 0
171 0.3125000209079638 0.6249999802847619 0
172 0.3125000214924634 0.5624999796874679 0
173 0.3125000197389646 0.7499999814793501 0
174 0.3750000217683476 0.6874999800276355 0
175 0.3125000203234641 0.687499980882056 0
176 0.4375000228129958 0.7499999796328237 0
177 0.437500023213231 0.6874999791732149 0
178 0.7500000032788846 0.06249999720597767 0
179 0.8125000049179721 0.1249999958090497 0
180 0.8750000016393067 0.06249999860307199 0
181 0.8125000024591149 0.06249999790452483 0
182 0.7500000098358284 0.187499991617933 0
183 0.8125000098357251 0.2499999916180993 0
184 0.875000004917869 0.187499995809216 0
185 0.8125000073768487 0.1874999937135745 0
186 0.9375000032785751 0.2499999972064766 0
187 0.9375000016392939 0.1249999986032383 0
188 0.9375000024589345 0.1874999979048574 0
189 0.937500000819663 0.06249999930161915 0
190 0.125000009837036 0.4374999903062998 0
191 0.06250000460991689 0.3749999953716352 0
192 0.06250000491851798 0.4374999951525779 0
193 0.2500000196740719 0.4374999806137436 0
194 0.1875000138297507 0.3749999861168256 0
195 0.1875000147555539 0.4374999854600217 0
196 0.2500000172052632 0.312499982365098 0
197 0.1875000119781441 0.2499999874304335 0
198 0.1250000086026316 0.3124999911821611 0
199 0.1875000129039474 0.3124999867736296 0
200 0.06250000399271471 0.24999999580975 0
201 0.0625000043013158 0.3124999955906926 0
202 0.3750000159567452 0.8124999854170651 0
203 0.4375000114059259 0.8749999898164118 0
204 0.4375000171094609 0.8124999847246179 0
205 0.3125000098690944 0.874999990739675 0
206 0.3125000148040296 0.8124999861095126 0
207 0.3750000053182752 0.9374999951390217 0
208 0.3125000049341593 0.9374999953698375 0
209 0.437500005702391 0.9374999949082059 0
210 0.500000024473845 0.4374999780748701 0
211 0.4375000221338672 0.3749999796247882 0
212 0.3750000220739584 0.4374999793443068 0
213 0.4375000232739018 0.4374999787095885 0
214 0.5000000222566892 0.312499979931618 0
215 0.4375000198537982 0.2499999814551878 0
216 0.3750000197309762 0.312499981148358 0
217 0.4375000209938327 0.312499980539988 0
218 0.312500017265172 0.2499999826455794 0
219 0.3125000196710674 0.3749999808678766 0
220 0.3125000184681197 0.312499981756728 0
221 0.3125000208740152 0.4374999799790252 0
222 0.1250000059891552 0.1874999937150862 0
223 0.06250000199644051 0.1249999979049273 0
224 0.06250000299457761 0.1874999968573386 0
225 0.2500000119783105 0.1874999874305814 0
226 0.1875000059893215 0.1249999937152342 0
227 0.1875000089837328 0.1874999905728338 0
228 0.2500000039932136 0.06249999581019381 0
229 0.1250000019966068 0.06249999790504036 0
230 0.1875000029949102 0.06249999685761709 0
231 0.06250000099830341 0.06249999895245549 0
232 0.9375000036908639 0.7499999970549492 0
233 0.8750000055362128 0.8124999955820691 0
234 0.9375000018453489 0.8749999985273389 0
235 0.9375000027681064 0.8124999977911634 0
236 0.8125000110725917 0.7499999911640222 0
237 0.8125000055360467 0.8749999955819658 0
238 0.8125000083043192 0.8124999933729939 0
239 0.8750000018451829 0.9374999985273262 0
240 0.8125000027677745 0.9374999977909829 0
241 0.9375000009225914 0.9374999992636791 0
242 0.5000000052880257 0.06249999521499799 0
243 0.5625000095703996 0.1249999914254858 0
244 0.6250000042835147 0.06249999621048783 0
245 0.5625000047857486 0.06249999571274291 0
246 0.5000000158614161 0.187499985644994 0
247 0.5625000191396585 0.2499999828509716 0
248 0.625000012848642 0.1874999886314635 0
249 0.5625000143550291 0.1874999871382287 0
250 0.687500015122753 0.249999986832931 0
251 0.6875000075617174 0.1249999934164655 0
252 0.6875000113422353 0.1874999901246983 0
253 0.6875000037812108 0.06249999670823275 0
254 0.9375000047119759 0.6249999962240202 0
255 0.8750000084028399 0.6874999932782877 0
256 0.93750000420142 0.6874999966394959 0
257 0.9375000057330879 0.4999999953929724 0
258 0.8750000104450638 0.562499991615852 0
259 0.937500005222532 0.5624999958084747 0
260 0.8125000171992637 0.4999999861762562 0
261 0.8125000141359278 0.624999988670159 0
262 0.8125000156675958 0.5624999874232077 0
263 0.8125000126042599 0.6874999899170906 0
264 0.4375000099274812 0.1249999907275939 0
265 0.3750000139198633 0.1874999865377877 0
266 0.4375000148906397 0.1874999860913908 0
267 0.3750000046406197 0.0624999955125959 0
268 0.4375000049643227 0.06249999536379695 0
269 0.3125000086330018 0.1249999913227897 0
270 0.3125000043169167 0.06249999566139486 0
271 0.3125000129490869 0.1874999869841846 0
272 0.9375000045058315 0.3749999962997245 0
273 0.8750000102389194 0.4374999916915328 0
274 0.9375000051194596 0.4374999958463485 0
275 0.8750000077844066 0.3124999935053696 0
276 0.9375000038922032 0.3124999967531005 0
277 0.7500000155688131 0.3124999870099076 0
278 0.8125000135174945 0.3749999888971778 0
279 0.8125000116766099 0.3124999902576386 0
280 0.7500000204778388 0.4374999833819012 0
281 0.812500015358379 0.437499987536717 0
282 0.5625000220297818 0.3749999805514091 0
283 0.6250000189127511 0.3124999834707627 0
284 0.5625000205847202 0.3124999817011904 0
285 0.6250000224758419 0.4374999807283856 0
286 0.5625000234748434 0.4374999794016279 0
287 0.6875000193588112 0.3749999836477393 0
288 0.6875000214768403 0.4374999820551435 0
289 0.6875000172407821 0.3124999852403352 0
$EndNodes
$Elements
320
1 1 2 3 1 4 5
2 1 2 3 1 5 6
3 1 2 3 1 6 7
4 1 2 3 1 7 8
5 1 2 3 1 8 9
6 1 2 3 1 9 10
7 1 2 3 1 10 11
8 1 2 3 1 11 12
9 1 2 3 1 12 13
10 1 2 3 1 13 14
11 1 2 3 1 14 15
12 1 2 3 1 15 16
13 1 2 3 1 16 17
14 1 2 3 1 17 18
15 1 2 3 1 18 19
16 1 2 3 1 19 3
17 1 2 2 2 3 20
18 1 2 2 2 20 21
19 1 2 2 2 21 22
20 1 2 2 2 22 23
21 1 2 2 2 23 24
22 1 2 2 2 24 25
23 1 2 2 2 25 26
24 1 2 2 2 26 27
25 1 2 2 2 27 28
26 1 2 2 2 28 29
27 1 2 2 2 29 30
28 1 2 2 2 30 31
29 1 2 2 2 31 32
30 1 2 2 2 32 33
31 1 2 2 2 33 34
32 1 2 2 2 34 2
33 1 2 2 3 2 35
34 1 2 2 3 35 36
35 1 2 2 3 36 37
36 1 2 2 3 37 38
37 1 2 2 3 38 39
38 1 2 2 3 39 40
39 1 2 2 3 40 41
40 1 2 2 3 41 42
41 1 2 2 3 42 43
42 1 2 2 3 43 44
43 1 2 2 3 44 45
44 1 2 2 3 45 46
45 1 2 2 3 46 47
46 1 2 2 3 47 48
47 1 2 2 3 48 49
48 1 2 2 3 49 1
49 1 2 2 4 1 50
50 1 2 2 4 50 51
51 1 2 2 4 51 52
52 1 2 2 4 52 53
53 1 2 2 4 53 54
54 1 2 2 4 54 55
55 1 2 2 4 55 56
56 1 2 2 4 56 57
57 1 2 2 4 57 58
58 1 2 2 4 58 59
59 1 2 2 4 59 60
60 1 2 2 4 60 61
61 1 2 2 4 61 62
62 1 2 2 4 62 63
63 1 2 2 4 63 64
64 1 2 2 4 64 4
65 3 2 4 1 70 114 118 117
66 3 2 4 1 114 74 115 118
67 3 2 4 1 118 115 77 116
68 3 2 4 1 117 118 116 76
69 3 2 4 1 74 119 122 115
70 3 2 4 1 119 68 120 122
71 3 2 4 1 122 120 75 121
72 3 2 4 1 115 122 121 77
73 3 2 4 1 77 121 125 124
74 3 2 4 1 121 75 123 125
75 3 2 4 1 125 123 12 13
76 3 2 4 1 124 125 13 14
77 3 2 4 1 76 116 127 126
78 3 2 4 1 116 77 124 127
79 3 2 4 1 127 124 14 15
80 3 2 4 1 126 127 15 16
81 3 2 4 1 66 128 132 131
82 3 2 4 1 128 78 129 132
83 3 2 4 1 132 129 81 130
84 3 2 4 1 131 132 130 80
85 3 2 4 1 78 133 135 129
86 3 2 4 1 133 57 58 135
87 3 2 4 1 135 58 59 134
88 3 2 4 1 129 135 134 81
89 3 2 4 1 81 134 138 137
90 3 2 4 1 134 59 60 138
91 3 2 4 1 138 60 61 136
92 3 2 4 1 137 138 136 79
93 3 2 4 1 80 130 141 140
94 3 2 4 1 130 81 137 141
95 3 2 4 1 141 137 79 139
96 3 2 4 1 140 141 139 73
97 3 2 4 1 70 142 145 114
98 3 2 4 1 142 82 143 145
99 3 2 4 1 145 143 85 144
100 3 2 4 1 114 145 144 74
101 3 2 4 1 82 146 149 143
102 3 2 4 1 146 72 147 149
103 3 2 4 1 149 147 83 148
104 3 2 4 1 143 149 148 85
105 3 2 4 1 85 148 153 152
106 3 2 4 1 148 83 150 153
107 3 2 4 1 153 150 65 151
108 3 2 4 1 152 153 151 84
109 3 2 4 1 74 144 155 119
110 3 2 4 1 144 85 152 155
111 3 2 4 1 155 152 84 154
112 3 2 4 1 119 155 154 68
113 3 2 4 1 4 5 158 64
114 3 2 4 1 5 6 156 158
115 3 2 4 1 158 156 87 157
116 3 2 4 1 64 158 157 63
117 3 2 4 1 6 7 161 156
118 3 2 4 1 7 8 159 161
119 3 2 4 1 161 159 86 160
120 3 2 4 1 156 161 160 87
121 3 2 4 1 87 160 164 163
122 3 2 4 1 160 86 162 164
123 3 2 4 1 164 162 73 139
124 3 2 4 1 163 164 139 79
125 3 2 4 1 63 157 165 62
126 3 2 4 1 157 87 163 165
127 3 2 4 1 165 163 79 136
128 3 2 4 1 62 165 136 61
129 3 2 4 1 65 166 169 151
130 3 2 4 1 166 88 167 169
131 3 2 4 1 169 167 90 168
132 3 2 4 1 151 169 168 84
133 3 2 4 1 88 170 172 167
134 3 2 4 1 170 66 131 172
135 3 2 4 1 172 131 80 171
136 3 2 4 1 167 172 171 90
137 3 2 4 1 90 171 175 174
138 3 2 4 1 171 80 140 175
139 3 2 4 1 175 140 73 173
140 3 2 4 1 174 175 173 89
141 3 2 4 1 84 168 177 154
142 3 2 4 1 168 90 174 177
143 3 2 4 1 177 174 89 176
144 3 2 4 1 154 177 176 68
145 3 2 4 1 38 178 181 37
146 3 2 4 1 178 91 179 181
147 3 2 4 1 181 179 93 180
148 3 2 4 1 37 181 180 36
149 3 2 4 1 91 182 185 179
150 3 2 4 1 182 71 183 185
151 3 2 4 1 185 183 92 184
152 3 2 4 1 179 185 184 93
153 3 2 4 1 93 184 188 187
154 3 2 4 1 184 92 186 188
155 3 2 4 1 188 186 31 32
156 3 2 4 1 187 188 32 33
157 3 2 4 1 36 180 189 35
158 3 2 4 1 180 93 187 189
159 3 2 4 1 189 187 33 34
160 3 2 4 1 35 189 34 2
161 3 2 4 1 57 133 192 56
162 3 2 4 1 133 78 190 192
163 3 2 4 1 192 190 96 191
164 3 2 4 1 56 192 191 55
165 3 2 4 1 78 128 195 190
166 3 2 4 1 128 66 193 195
167 3 2 4 1 195 193 94 194
168 3 2 4 1 190 195 194 96
169 3 2 4 1 96 194 199 198
170 3 2 4 1 194 94 196 199
171 3 2 4 1 199 196 69 197
172 3 2 4 1 198 199 197 95
173 3 2 4 1 55 191 201 54
174 3 2 4 1 191 96 198 201
175 3 2 4 1 201 198 95 200
176 3 2 4 1 54 201 200 53
177 3 2 4 1 68 176 204 120
178 3 2 4 1 176 89 202 204
179 3 2 4 1 204 202 97 203
180 3 2 4 1 120 204 203 75
181 3 2 4 1 89 173 206 202
182 3 2 4 1 173 73 162 206
183 3 2 4 1 206 162 86 205
184 3 2 4 1 202 206 205 97
185 3 2 4 1 97 205 208 207
186 3 2 4 1 205 86 159 208
187 3 2 4 1 208 159 8 9
188 3 2 4 1 207 208 9 10
189 3 2 4 1 75 203 209 123
190 3 2 4 1 203 97 207 209
191 3 2 4 1 209 207 10 11
192 3 2 4 1 123 209 11 12
193 3 2 4 1 65 210 213 166
194 3 2 4 1 210 98 211 213
195 3 2 4 1 213 211 100 212
196 3 2 4 1 166 213 212 88
197 3 2 4 1 98 214 217 211
198 3 2 4 1 214 67 215 217
199 3 2 4 1 217 215 99 216
200 3 2 4 1 211 217 216 100
201 3 2 4 1 100 216 220 219
202 3 2 4 1 216 99 218 220
203 3 2 4 1 220 218 69 196
204 3 2 4 1 219 220 196 94
205 3 2 4 1 88 212 221 170
206 3 2 4 1 212 100 219 221
207 3 2 4 1 221 219 94 193
208 3 2 4 1 170 221 193 66
209 3 2 4 1 53 200 224 52
210 3 2 4 1 200 95 222 224
211 3 2 4 1 224 222 102 223
212 3 2 4 1 52 224 223 51
213 3 2 4 1 95 197 227 222
214 3 2 4 1 197 69 225 227
215 3 2 4 1 227 225 101 226
216 3 2 4 1 222 227 226 102
217 3 2 4 1 102 226 230 229
218 3 2 4 1 226 101 228 230
219 3 2 4 1 230 228 46 47
220 3 2 4 1 229 230 47 48
221 3 2 4 1 51 223 231 50
222 3 2 4 1 223 102 229 231
223 3 2 4 1 231 229 48 49
224 3 2 4 1 50 231 49 1
225 3 2 4 1 23 232 235 22
226 3 2 4 1 232 103 233 235
227 3 2 4 1 235 233 104 234
228 3 2 4 1 22 235 234 21
229 3 2 4 1 103 236 238 233
230 3 2 4 1 236 70 117 238
231 3 2 4 1 238 117 76 237
232 3 2 4 1 233 238 237 104
233 3 2 4 1 104 237 240 239
234 3 2 4 1 237 76 126 240
235 3 2 4 1 240 126 16 17
236 3 2 4 1 239 240 17 18
237 3 2 4 1 21 234 241 20
238 3 2 4 1 234 104 239 241
239 3 2 4 1 241 239 18 19
240 3 2 4 1 20 241 19 3
241 3 2 4 1 42 242 245 41
242 3 2 4 1 242 105 243 245
243 3 2 4 1 245 243 107 244
244 3 2 4 1 41 245 244 40
245 3 2 4 1 105 246 249 243
246 3 2 4 1 246 67 247 249
247 3 2 4 1 249 247 106 248
248 3 2 4 1 243 249 248 107
249 3 2 4 1 107 248 252 251
250 3 2 4 1 248 106 250 252
251 3 2 4 1 252 250 71 182
252 3 2 4 1 251 252 182 91
253 3 2 4 1 40 244 253 39
254 3 2 4 1 244 107 251 253
255 3 2 4 1 253 251 91 178
256 3 2 4 1 39 253 178 38
257 3 2 4 1 23 24 256 232
258 3 2 4 1 24 25 254 256
259 3 2 4 1 256 254 109 255
260 3 2 4 1 232 256 255 103
261 3 2 4 1 25 26 259 254
262 3 2 4 1 26 27 257 259
263 3 2 4 1 259 257 108 258
264 3 2 4 1 254 259 258 109
265 3 2 4 1 109 258 262 261
266 3 2 4 1 258 108 260 262
267 3 2 4 1 262 260 72 146
268 3 2 4 1 261 262 146 82
269 3 2 4 1 103 255 263 236
270 3 2 4 1 255 109 261 263
271 3 2 4 1 263 261 82 142
272 3 2 4 1 236 263 142 70
273 3 2 4 1 67 246 266 215
274 3 2 4 1 246 105 264 266
275 3 2 4 1 266 264 110 265
276 3 2 4 1 215 266 265 99
277 3 2 4 1 105 242 268 264
278 3 2 4 1 242 42 43 268
279 3 2 4 1 268 43 44 267
280 3 2 4 1 264 268 267 110
281 3 2 4 1 110 267 270 269
282 3 2 4 1 267 44 45 270
283 3 2 4 1 270 45 46 228
284 3 2 4 1 269 270 228 101
285 3 2 4 1 99 265 271 218
286 3 2 4 1 265 110 269 271
287 3 2 4 1 271 269 101 225
288 3 2 4 1 218 271 225 69
289 3 2 4 1 27 28 274 257
290 3 2 4 1 28 29 272 274
291 3 2 4 1 274 272 112 273
292 3 2 4 1 257 274 273 108
293 3 2 4 1 29 30 276 272
294 3 2 4 1 30 31 186 276
295 3 2 4 1 276 186 92 275
296 3 2 4 1 272 276 275 112
297 3 2 4 1 112 275 279 278
298 3 2 4 1 275 92 183 279
299 3 2 4 1 279 183 71 277
300 3 2 4 1 278 279 277 111
301 3 2 4 1 108 273 281 260
302 3 2 4 1 273 112 278 281
303 3 2 4 1 281 278 111 280
304 3 2 4 1 260 281 280 72
305 3 2 4 1 67 214 284 247
306 3 2 4 1 214 98 282 284
307 3 2 4 1 284 282 113 283
308 3 2 4 1 247 284 283 106
309 3 2 4 1 98 210 286 282
310 3 2 4 1 210 65 150 286
311 3 2 4 1 286 150 83 285
312 3 2 4 1 282 286 285 113
313 3 2 4 1 113 285 288 287
314 3 2 4 1 285 83 147 288
315 3 2 4 1 288 147 72 280
316 3 2 4 1 287 288 280 111
317 3 2 4 1 106 283 289 250
318 3 2 4 1 283 113 287 289
319 3 2 4 1 289 287 111 277
320 3 2 4 1 250 289 277 71
$EndElements
